C.1
IBM STAR, ,120 * 72 dpi,240 * 144 dpi,20 * 12 npi

1001, 2
1002, 240
1003, 144

1004, 27, 'z'
1005, 2
1006
1007, 27, '3'
1008, 1
1009, 127
1010, 27, 64
1011, 27, 'C'
1012, 127
1013, 0
1017, 10, 13
1021, 12
1022, 27, 64
1023, 27, '3', 1
1024, 10, 13
1025, 8
1026, 2 
1027, 27, 'A', 7, 10, 13
      27, '3', 1
2001, 1
2002, 120
2003, 72
2004, 27, 'y'
2005, 2
2006
2007, 27, 'A'
2008, 1
2009, 127
2010, 27, 64
2011, 27, 'C'
2012, 127
2013, 0 
2017, 10, 13
2021, 12
2022, 27, 64
2023, 27, 'A', 8 
2024, 10, 13
2025, 8
2026, 1
2027

1028, 0       + Left-Margin (1/100 Inch)
1029, 0       + Top-Margin
1030, 0       + Right-Margin
1031, 0       + Bottom-Margin

END
