C.1
Epson FX, ,120 * 108 dpi,240 * 216 dpi,20 * 18 npi

1001, 2
1002, 240
1003, 216
1004, 27, '*', 3
1005, 2
1006
1007, 27, '3'
1008, 1
1009, 255
1010, 27, 64
1011, 27, 'C'
1012, 127
1013, 0
1017, 10, 13
1021, 12
1022, 27, 64
1023, 27, '3', 1
1024, 10, 13
1025, 8
1026, 3
1027, 27, '3', 21, 10, 13
      27, '3', 1
2001, 1
2002, 120
2003, 108
2004, 27, '*', 2
2008, 2
2026, 2
2027, 27, '3', 22, 10, 13
      27, '3', 1

1028, 0       + Left-Margin (1/100 Inch)
1029, 0       + Top-Margin
1030, 0       + Right-Margin
1031, 0       + Bottom-Margin

END
