C.1
Epson LQ, Cut Sheet,180 * 180 dpi,360 * 360 dpi,15 npi

1001, 4
1002, 360
1003, 360
1004, 27, '*', 40
1005, 2
1006
1007, 27, '+'
1008, 1
1009, 255
1010, 27, 64
1011, 27, 'C'
1012, 127
1013, 0
1017, 10, 13
1021, 12
1022, 27, 64
1023, 27, '+', 1
1024, 10, 13
1025, 24
1026, 2
1027, 27, '+', 46, 10, 13
      27, '+', 1
2001, 2
2002, 180
2003, 180
2004, 27, '*', 39
2007, 27, '3'
2023, 27, '3', 24
2026, 1
2027

1028, 14      + Left-Margin (1/100 Inch)
1029, 100     + Top-Margin
1030, 14      + Right-Margin
1031, 100     + Bottom-Margin

END
