C.1
CP 80, ,85 * 72 dpi,170 * 216 dpi,14 * 18 npi

1001, 2
1002, 170
1003, 216
1004, 27, 'L'
1005, 2
1007, 27, '3'
1008, 1
1009, 255
1010, 27, 64
1011, 27, 'C'
1012, 127
1013, 0
1017, 10, 13
1021, 12
1022, 27, 64
1023, 27, '3', 1
1024, 10, 13
1025, 8
1026, 3
1027, 27, '3', 18, 10, 13
      27, '3', 1
2001, 0
2002, 85
2003, 72
2004, 27, 'K'
2005, 2
2008, 3
2023, 27, '1'
2026, 1
2027

1028, 14      + Left-Margin (1/100 Inch)
1029, 100     + Top-Margin
1030, 14      + Right-Margin
1031, 100     + Bottom-Margin

END
